******************************************
Genus 0
******************************************


[ 2, 3, 7, 7, 7, 1 ]
;


[ PowerSequence(PermutationGroup<8 |  
\[ 1, 2, 6, 5, 8, 7, 3, 4 ],
\[ 8, 1, 3, 5, 6, 4, 7, 2 ]:
 Order := 168 >) |
[ PermutationGroup<8 |  
\[ 1, 2, 6, 5, 8, 7, 3, 4 ],
\[ 8, 1, 3, 5, 6, 4, 7, 2 ]:
 Order := 168 > |
[ 8, 4, 5, 2, 3, 7, 6, 1 ],
[ 8, 1, 3, 5, 6, 4, 7, 2 ],
[ 1, 6, 4, 8, 3, 7, 5, 2 ]
]
]
;




[ 2, 3, 7, 2, 8, -1 ]
;


[ PowerSequence(PermutationGroup<9 |  
\[ 1, 2, 6, 5, 7, 9, 8, 3, 4 ],
\[ 3, 1, 2, 7, 6, 9, 8, 4, 5 ]:
 Order := 504 >) |
[ PermutationGroup<9 |  
\[ 1, 2, 6, 5, 7, 9, 8, 3, 4 ],
\[ 3, 1, 2, 7, 6, 9, 8, 4, 5 ]:
 Order := 504 > |
[ 5, 2, 8, 6, 1, 4, 9, 3, 7 ],
[ 8, 4, 1, 5, 2, 7, 9, 3, 6 ],
[ 4, 5, 1, 9, 3, 2, 7, 8, 6 ]
]
]
;




[ 2, 3, 7, 13, 13, 1 ]
;


[ PowerSequence(PermutationGroup<14 |  
\[ 1, 2, 10, 5, 8, 4, 14, 3, 12, 6, 7, 13, 11, 9 ],
\[ 14, 1, 8, 10, 6, 12, 7, 13, 9, 11, 4, 5, 3, 2 ]:
 Order := 1092 >) |
[ PermutationGroup<14 |  
\[ 1, 2, 10, 5, 8, 4, 14, 3, 12, 6, 7, 13, 11, 9 ],
\[ 14, 1, 8, 10, 6, 12, 7, 13, 9, 11, 4, 5, 3, 2 ]:
 Order := 1092 > |
[ 10, 3, 2, 4, 5, 7, 6, 13, 11, 1, 9, 14, 8, 12 ],
[ 7, 1, 13, 10, 12, 3, 2, 5, 4, 9, 11, 8, 6, 14 ],
[ 4, 6, 7, 9, 8, 1, 13, 3, 11, 2, 10, 14, 12, 5 ]
],
[ PermutationGroup<14 |  
\[ 1, 2, 10, 5, 8, 4, 14, 3, 12, 6, 7, 13, 11, 9 ],
\[ 14, 1, 8, 10, 6, 12, 7, 13, 9, 11, 4, 5, 3, 2 ]:
 Order := 1092 > |
[ 10, 3, 2, 4, 5, 7, 6, 13, 11, 1, 9, 14, 8, 12 ],
[ 11, 9, 3, 10, 4, 2, 13, 1, 6, 5, 8, 7, 12, 14 ],
[ 4, 3, 6, 5, 10, 12, 9, 7, 1, 8, 2, 14, 11, 13 ]
],
[ PermutationGroup<14 |  
\[ 1, 2, 10, 5, 8, 4, 14, 3, 12, 6, 7, 13, 11, 9 ],
\[ 14, 1, 8, 10, 6, 12, 7, 13, 9, 11, 4, 5, 3, 2 ]:
 Order := 1092 > |
[ 10, 3, 2, 4, 5, 7, 6, 13, 11, 1, 9, 14, 8, 12 ],
[ 1, 10, 14, 3, 7, 2, 13, 12, 8, 6, 11, 9, 5, 4 ],
[ 2, 4, 6, 14, 13, 5, 10, 7, 11, 1, 12, 3, 9, 8 ]
]
]
;




[ 2, 3, 7, 29, 29, 1 ]
;


[ PowerSequence(PermutationGroup<30 |  
\[ 1, 2, 23, 7, 13, 19, 3, 24, 25, 30, 18, 10, 14, 27, 22, 15, 5, 17, 20, 28, 6,
9, 21, 11, 4, 29, 12, 16, 8, 26 ],
\[ 8, 1, 12, 23, 16, 7, 26, 2, 14, 18, 15, 20, 30, 25, 19, 21, 13, 27, 11, 3, 5,
29, 24, 4, 9, 6, 10, 22, 28, 17 ]:
 Order := 12180 >) |
[ PermutationGroup<30 |  
\[ 1, 2, 23, 7, 13, 19, 3, 24, 25, 30, 18, 10, 14, 27, 22, 15, 5, 17, 20, 28, 6,
9, 21, 11, 4, 29, 12, 16, 8, 26 ],
\[ 8, 1, 12, 23, 16, 7, 26, 2, 14, 18, 15, 20, 30, 25, 19, 21, 13, 27, 11, 3, 5,
29, 24, 4, 9, 6, 10, 22, 28, 17 ]:
 Order := 12180 > |
[ 21, 2, 29, 7, 22, 17, 4, 11, 28, 23, 8, 16, 13, 24, 20, 12, 6, 26, 27, 15, 1, 
5, 10, 14, 30, 18, 19, 9, 3, 25 ],
[ 22, 27, 17, 12, 15, 11, 29, 23, 4, 13, 20, 9, 28, 5, 14, 25, 19, 7, 3, 6, 1, 
21, 26, 2, 30, 8, 24, 10, 18, 16 ],
[ 22, 24, 7, 18, 1, 3, 9, 6, 13, 8, 26, 30, 10, 27, 11, 4, 20, 23, 2, 5, 21, 14,
28, 15, 25, 29, 17, 12, 19, 16 ]
],
[ PermutationGroup<30 |  
\[ 1, 2, 23, 7, 13, 19, 3, 24, 25, 30, 18, 10, 14, 27, 22, 15, 5, 17, 20, 28, 6,
9, 21, 11, 4, 29, 12, 16, 8, 26 ],
\[ 8, 1, 12, 23, 16, 7, 26, 2, 14, 18, 15, 20, 30, 25, 19, 21, 13, 27, 11, 3, 5,
29, 24, 4, 9, 6, 10, 22, 28, 17 ]:
 Order := 12180 > |
[ 21, 2, 29, 7, 22, 17, 4, 11, 28, 23, 8, 16, 13, 24, 20, 12, 6, 26, 27, 15, 1, 
5, 10, 14, 30, 18, 19, 9, 3, 25 ],
[ 12, 28, 2, 7, 11, 27, 15, 16, 6, 30, 22, 18, 29, 26, 4, 19, 14, 1, 8, 25, 20, 
5, 13, 10, 21, 17, 9, 3, 23, 24 ],
[ 25, 3, 13, 4, 11, 26, 15, 5, 2, 29, 19, 8, 23, 30, 21, 1, 9, 14, 6, 7, 18, 22,
24, 17, 10, 12, 16, 27, 28, 20 ]
],
[ PermutationGroup<30 |  
\[ 1, 2, 23, 7, 13, 19, 3, 24, 25, 30, 18, 10, 14, 27, 22, 15, 5, 17, 20, 28, 6,
9, 21, 11, 4, 29, 12, 16, 8, 26 ],
\[ 8, 1, 12, 23, 16, 7, 26, 2, 14, 18, 15, 20, 30, 25, 19, 21, 13, 27, 11, 3, 5,
29, 24, 4, 9, 6, 10, 22, 28, 17 ]:
 Order := 12180 > |
[ 21, 2, 29, 7, 22, 17, 4, 11, 28, 23, 8, 16, 13, 24, 20, 12, 6, 26, 27, 15, 1, 
5, 10, 14, 30, 18, 19, 9, 3, 25 ],
[ 20, 12, 22, 6, 9, 7, 4, 30, 26, 23, 21, 24, 8, 18, 10, 17, 19, 27, 16, 25, 29,
28, 15, 2, 1, 5, 14, 3, 11, 13 ],
[ 11, 24, 21, 6, 3, 16, 7, 29, 22, 10, 13, 19, 30, 12, 1, 2, 4, 9, 18, 23, 25, 
26, 15, 27, 8, 14, 17, 5, 28, 20 ]
]
]
;




[ 2, 3, 7, 43, 43, 1 ]
;


[ PowerSequence(PermutationGroup<44 |  
\[ 1, 2, 5, 25, 6, 38, 36, 4, 41, 26, 40, 17, 23, 9, 13, 29, 8, 31, 3, 7, 37, 
43, 20, 34, 19, 12, 24, 22, 10, 35, 11, 14, 15, 32, 21, 16, 18, 33, 30, 27, 42, 
44, 39, 28 ],
\[ 44, 1, 27, 40, 21, 42, 30, 8, 3, 23, 15, 31, 20, 7, 34, 39, 13, 6, 43, 17, 
22, 5, 36, 25, 41, 33, 9, 4, 26, 14, 35, 16, 29, 11, 12, 10, 19, 38, 32, 28, 24,
18, 37, 2 ]:
 Order := 39732 >) |
[ PermutationGroup<44 |  
\[ 1, 2, 5, 25, 6, 38, 36, 4, 41, 26, 40, 17, 23, 9, 13, 29, 8, 31, 3, 7, 37, 
43, 20, 34, 19, 12, 24, 22, 10, 35, 11, 14, 15, 32, 21, 16, 18, 33, 30, 27, 42, 
44, 39, 28 ],
\[ 44, 1, 27, 40, 21, 42, 30, 8, 3, 23, 15, 31, 20, 7, 34, 39, 13, 6, 43, 17, 
22, 5, 36, 25, 41, 33, 9, 4, 26, 14, 35, 16, 29, 11, 12, 10, 19, 38, 32, 28, 24,
18, 37, 2 ]:
 Order := 39732 > |
[ 20, 32, 15, 5, 4, 37, 12, 27, 30, 38, 44, 7, 25, 36, 3, 21, 28, 34, 42, 1, 16,
35, 24, 23, 13, 40, 8, 17, 31, 9, 29, 2, 39, 18, 22, 14, 6, 10, 33, 26, 43, 19, 
41, 11 ],
[ 21, 43, 18, 29, 31, 33, 44, 19, 41, 4, 24, 20, 35, 7, 12, 16, 5, 34, 25, 15, 
23, 32, 1, 40, 8, 36, 9, 26, 10, 22, 17, 30, 39, 3, 37, 28, 13, 2, 6, 11, 27, 
42, 38, 14 ],
[ 12, 22, 20, 17, 10, 35, 15, 41, 32, 43, 7, 14, 19, 26, 34, 1, 36, 18, 42, 23, 
16, 13, 11, 21, 37, 24, 25, 31, 5, 27, 4, 38, 33, 3, 30, 44, 39, 29, 6, 28, 2, 
8, 9, 40 ]
],
[ PermutationGroup<44 |  
\[ 1, 2, 5, 25, 6, 38, 36, 4, 41, 26, 40, 17, 23, 9, 13, 29, 8, 31, 3, 7, 37, 
43, 20, 34, 19, 12, 24, 22, 10, 35, 11, 14, 15, 32, 21, 16, 18, 33, 30, 27, 42, 
44, 39, 28 ],
\[ 44, 1, 27, 40, 21, 42, 30, 8, 3, 23, 15, 31, 20, 7, 34, 39, 13, 6, 43, 17, 
22, 5, 36, 25, 41, 33, 9, 4, 26, 14, 35, 16, 29, 11, 12, 10, 19, 38, 32, 28, 24,
18, 37, 2 ]:
 Order := 39732 > |
[ 20, 32, 15, 5, 4, 37, 12, 27, 30, 38, 44, 7, 25, 36, 3, 21, 28, 34, 42, 1, 16,
35, 24, 23, 13, 40, 8, 17, 31, 9, 29, 2, 39, 18, 22, 14, 6, 10, 33, 26, 43, 19, 
41, 11 ],
[ 37, 18, 39, 27, 5, 44, 20, 12, 28, 17, 4, 31, 36, 10, 3, 40, 14, 19, 2, 33, 
22, 38, 30, 6, 1, 23, 11, 32, 13, 26, 8, 9, 7, 16, 35, 29, 25, 21, 15, 34, 43, 
41, 42, 24 ],
[ 7, 28, 39, 5, 11, 1, 8, 4, 23, 22, 6, 33, 37, 13, 15, 38, 9, 40, 43, 25, 34, 
35, 44, 26, 29, 16, 31, 10, 12, 32, 36, 19, 3, 2, 21, 17, 24, 14, 20, 30, 41, 
18, 42, 27 ]
],
[ PermutationGroup<44 |  
\[ 1, 2, 5, 25, 6, 38, 36, 4, 41, 26, 40, 17, 23, 9, 13, 29, 8, 31, 3, 7, 37, 
43, 20, 34, 19, 12, 24, 22, 10, 35, 11, 14, 15, 32, 21, 16, 18, 33, 30, 27, 42, 
44, 39, 28 ],
\[ 44, 1, 27, 40, 21, 42, 30, 8, 3, 23, 15, 31, 20, 7, 34, 39, 13, 6, 43, 17, 
22, 5, 36, 25, 41, 33, 9, 4, 26, 14, 35, 16, 29, 11, 12, 10, 19, 38, 32, 28, 24,
18, 37, 2 ]:
 Order := 39732 > |
[ 20, 32, 15, 5, 4, 37, 12, 27, 30, 38, 44, 7, 25, 36, 3, 21, 28, 34, 42, 1, 16,
35, 24, 23, 13, 40, 8, 17, 31, 9, 29, 2, 39, 18, 22, 14, 6, 10, 33, 26, 43, 19, 
41, 11 ],
[ 12, 34, 2, 25, 44, 31, 5, 4, 6, 41, 22, 28, 32, 36, 42, 23, 14, 16, 15, 33, 
20, 39, 18, 30, 8, 13, 37, 1, 29, 40, 9, 26, 21, 3, 10, 17, 43, 38, 11, 24, 35, 
19, 27, 7 ],
[ 21, 13, 19, 7, 8, 27, 1, 43, 24, 38, 5, 44, 4, 14, 34, 33, 12, 2, 15, 28, 18, 
41, 40, 16, 26, 30, 25, 36, 6, 31, 29, 3, 22, 23, 11, 17, 9, 35, 20, 32, 37, 42,
10, 39 ]
]
]
;




[ 2, 3, 8, 7, 7, -1 ]
;


[ PowerSequence(PermutationGroup<8 |  
\[ 1, 2, 4, 6, 7, 5, 8, 3 ],
\[ 8, 1, 3, 5, 6, 4, 7, 2 ]:
 Order := 336 >) |
[ PermutationGroup<8 |  
\[ 1, 2, 4, 6, 7, 5, 8, 3 ],
\[ 8, 1, 3, 5, 6, 4, 7, 2 ]:
 Order := 336 > |
[ 7, 4, 8, 2, 5, 6, 1, 3 ],
[ 8, 1, 3, 5, 6, 4, 7, 2 ],
[ 7, 6, 1, 8, 4, 5, 2, 3 ]
],
[ PermutationGroup<8 |  
\[ 1, 2, 4, 6, 7, 5, 8, 3 ],
\[ 8, 1, 3, 5, 6, 4, 7, 2 ]:
 Order := 336 > |
[ 7, 4, 8, 2, 5, 6, 1, 3 ],
[ 5, 6, 3, 4, 8, 7, 2, 1 ],
[ 6, 4, 5, 7, 1, 2, 8, 3 ]
]
]
;




[ 2, 3, 8, 3, 9, -1 ]
;


[ PowerSequence(PermutationGroup<10 |  
\[ 1, 2, 6, 3, 7, 8, 10, 5, 4, 9 ],
\[ 8, 1, 4, 5, 3, 10, 6, 2, 9, 7 ]:
 Order := 720 >) |
[ PermutationGroup<10 |  
\[ 1, 2, 6, 3, 7, 8, 10, 5, 4, 9 ],
\[ 8, 1, 4, 5, 3, 10, 6, 2, 9, 7 ]:
 Order := 720 > |
[ 10, 9, 8, 7, 6, 5, 4, 3, 2, 1 ],
[ 9, 1, 10, 7, 4, 3, 5, 8, 2, 6 ],
[ 3, 1, 8, 4, 10, 7, 5, 6, 9, 2 ]
]
]
;




[ 2, 3, 8, 17, 17, 1 ]
;


[ PowerSequence(PermutationGroup<18 |  
\[ 1, 2, 15, 9, 13, 18, 4, 16, 11, 12, 3, 17, 6, 5, 8, 7, 14, 10 ],
\[ 18, 1, 9, 12, 3, 10, 4, 16, 5, 14, 17, 7, 8, 6, 11, 13, 15, 2 ]:
 Order := 2448 >) |
[ PermutationGroup<18 |  
\[ 1, 2, 15, 9, 13, 18, 4, 16, 11, 12, 3, 17, 6, 5, 8, 7, 14, 10 ],
\[ 18, 1, 9, 12, 3, 10, 4, 16, 5, 14, 17, 7, 8, 6, 11, 13, 15, 2 ]:
 Order := 2448 > |
[ 18, 6, 10, 17, 12, 2, 7, 8, 13, 3, 16, 5, 9, 15, 14, 11, 4, 1 ],
[ 8, 3, 6, 12, 13, 2, 9, 10, 16, 1, 14, 18, 17, 15, 11, 7, 5, 4 ],
[ 12, 3, 8, 13, 4, 6, 16, 1, 5, 2, 9, 17, 7, 14, 11, 15, 18, 10 ]
],
[ PermutationGroup<18 |  
\[ 1, 2, 15, 9, 13, 18, 4, 16, 11, 12, 3, 17, 6, 5, 8, 7, 14, 10 ],
\[ 18, 1, 9, 12, 3, 10, 4, 16, 5, 14, 17, 7, 8, 6, 11, 13, 15, 2 ]:
 Order := 2448 > |
[ 18, 6, 10, 17, 12, 2, 7, 8, 13, 3, 16, 5, 9, 15, 14, 11, 4, 1 ],
[ 13, 1, 15, 10, 6, 12, 17, 16, 7, 11, 4, 5, 2, 3, 14, 18, 9, 8 ],
[ 16, 5, 4, 7, 6, 13, 9, 18, 1, 14, 8, 12, 17, 3, 15, 10, 11, 2 ]
]
]
;




[ 2, 3, 8, 5, 25, -1 ]
;


[ PowerSequence(PermutationGroup<26 |  
\[ 1, 2, 19, 22, 10, 7, 25, 4, 13, 26, 9, 14, 6, 3, 17, 20, 11, 12, 24, 18, 8, 
23, 16, 5, 21, 15 ],
\[ 21, 1, 17, 5, 6, 4, 22, 15, 8, 26, 24, 25, 13, 3, 9, 12, 14, 10, 7, 11, 2, 
19, 23, 20, 16, 18 ]:
 Order := 15600 >) |
[ PermutationGroup<26 |  
\[ 1, 2, 19, 22, 10, 7, 25, 4, 13, 26, 9, 14, 6, 3, 17, 20, 11, 12, 24, 18, 8, 
23, 16, 5, 21, 15 ],
\[ 21, 1, 17, 5, 6, 4, 22, 15, 8, 26, 24, 25, 13, 3, 9, 12, 14, 10, 7, 11, 2, 
19, 23, 20, 16, 18 ]:
 Order := 15600 > |
[ 7, 25, 10, 16, 20, 13, 1, 21, 15, 3, 22, 26, 6, 17, 9, 4, 14, 19, 18, 5, 8, 
11, 24, 23, 2, 12 ],
[ 24, 23, 3, 16, 5, 15, 25, 14, 1, 7, 6, 17, 20, 21, 11, 18, 22, 4, 2, 26, 8, 
12, 19, 9, 10, 13 ],
[ 10, 7, 25, 4, 13, 26, 9, 14, 6, 3, 17, 20, 11, 12, 24, 18, 8, 23, 16, 5, 21, 
15, 1, 2, 19, 22 ]
]
]
;




[ 2, 3, 9, 19, 19, 1 ]
;


[ PowerSequence(PermutationGroup<20 |  
\[ 1, 2, 9, 7, 15, 14, 6, 18, 17, 5, 3, 10, 11, 20, 4, 19, 16, 13, 8, 12 ],
\[ 20, 1, 11, 7, 15, 12, 17, 6, 9, 16, 19, 8, 13, 10, 18, 14, 4, 5, 3, 2 ]:
 Order := 3420 >) |
[ PermutationGroup<20 |  
\[ 1, 2, 9, 7, 15, 14, 6, 18, 17, 5, 3, 10, 11, 20, 4, 19, 16, 13, 8, 12 ],
\[ 20, 1, 11, 7, 15, 12, 17, 6, 9, 16, 19, 8, 13, 10, 18, 14, 4, 5, 3, 2 ]:
 Order := 3420 > |
[ 17, 3, 2, 6, 14, 4, 9, 19, 7, 11, 10, 16, 18, 5, 20, 12, 1, 13, 8, 15 ],
[ 16, 3, 20, 7, 1, 6, 10, 8, 18, 4, 12, 14, 9, 11, 19, 5, 15, 13, 17, 2 ],
[ 19, 2, 20, 6, 12, 10, 13, 15, 4, 14, 7, 1, 9, 16, 3, 11, 5, 18, 8, 17 ]
],
[ PermutationGroup<20 |  
\[ 1, 2, 9, 7, 15, 14, 6, 18, 17, 5, 3, 10, 11, 20, 4, 19, 16, 13, 8, 12 ],
\[ 20, 1, 11, 7, 15, 12, 17, 6, 9, 16, 19, 8, 13, 10, 18, 14, 4, 5, 3, 2 ]:
 Order := 3420 > |
[ 17, 3, 2, 6, 14, 4, 9, 19, 7, 11, 10, 16, 18, 5, 20, 12, 1, 13, 8, 15 ],
[ 4, 9, 8, 17, 5, 18, 6, 15, 14, 19, 10, 12, 16, 2, 3, 20, 1, 7, 11, 13 ],
[ 4, 15, 14, 7, 9, 1, 2, 10, 18, 19, 11, 13, 6, 5, 16, 12, 17, 20, 3, 8 ]
],
[ PermutationGroup<20 |  
\[ 1, 2, 9, 7, 15, 14, 6, 18, 17, 5, 3, 10, 11, 20, 4, 19, 16, 13, 8, 12 ],
\[ 20, 1, 11, 7, 15, 12, 17, 6, 9, 16, 19, 8, 13, 10, 18, 14, 4, 5, 3, 2 ]:
 Order := 3420 > |
[ 17, 3, 2, 6, 14, 4, 9, 19, 7, 11, 10, 16, 18, 5, 20, 12, 1, 13, 8, 15 ],
[ 2, 4, 19, 1, 9, 15, 5, 3, 7, 12, 6, 13, 10, 17, 11, 16, 20, 18, 8, 14 ],
[ 14, 8, 1, 11, 20, 2, 5, 3, 9, 15, 13, 16, 18, 7, 17, 10, 4, 12, 19, 6 ]
]
]
;




[ 2, 3, 9, 37, 37, 1 ]
;


[ PowerSequence(PermutationGroup<38 |  
\[ 1, 2, 20, 10, 4, 31, 17, 29, 13, 35, 9, 33, 22, 16, 6, 24, 25, 21, 28, 23, 
38, 14, 11, 34, 27, 8, 19, 32, 7, 18, 37, 30, 15, 12, 26, 3, 36, 5 ],
\[ 21, 1, 7, 4, 13, 30, 20, 9, 36, 26, 5, 14, 11, 17, 35, 29, 12, 10, 22, 3, 2, 
24, 31, 19, 23, 18, 28, 38, 33, 37, 25, 32, 16, 15, 34, 8, 6, 27 ]:
 Order := 25308 >) |
[ PermutationGroup<38 |  
\[ 1, 2, 20, 10, 4, 31, 17, 29, 13, 35, 9, 33, 22, 16, 6, 24, 25, 21, 28, 23, 
38, 14, 11, 34, 27, 8, 19, 32, 7, 18, 37, 30, 15, 12, 26, 3, 36, 5 ],
\[ 21, 1, 7, 4, 13, 30, 20, 9, 36, 26, 5, 14, 11, 17, 35, 29, 12, 10, 22, 3, 2, 
24, 31, 19, 23, 18, 28, 38, 33, 37, 25, 32, 16, 15, 34, 8, 6, 27 ]:
 Order := 25308 > |
[ 6, 15, 18, 20, 33, 1, 24, 25, 11, 19, 9, 28, 22, 29, 2, 35, 30, 3, 10, 4, 23, 
13, 21, 7, 8, 31, 37, 12, 14, 17, 26, 38, 5, 34, 16, 36, 27, 32 ],
[ 38, 5, 3, 7, 27, 6, 20, 22, 8, 17, 23, 18, 21, 29, 10, 26, 15, 33, 24, 4, 31, 
9, 28, 36, 1, 34, 2, 11, 35, 37, 13, 30, 12, 16, 14, 19, 32, 25 ],
[ 6, 17, 12, 7, 18, 25, 19, 38, 28, 36, 22, 23, 8, 14, 27, 29, 32, 3, 15, 20, 
11, 31, 13, 4, 9, 21, 30, 33, 35, 10, 16, 1, 2, 26, 34, 24, 5, 37 ]
],
[ PermutationGroup<38 |  
\[ 1, 2, 20, 10, 4, 31, 17, 29, 13, 35, 9, 33, 22, 16, 6, 24, 25, 21, 28, 23, 
38, 14, 11, 34, 27, 8, 19, 32, 7, 18, 37, 30, 15, 12, 26, 3, 36, 5 ],
\[ 21, 1, 7, 4, 13, 30, 20, 9, 36, 26, 5, 14, 11, 17, 35, 29, 12, 10, 22, 3, 2, 
24, 31, 19, 23, 18, 28, 38, 33, 37, 25, 32, 16, 15, 34, 8, 6, 27 ]:
 Order := 25308 > |
[ 6, 15, 18, 20, 33, 1, 24, 25, 11, 19, 9, 28, 22, 29, 2, 35, 30, 3, 10, 4, 23, 
13, 21, 7, 8, 31, 37, 12, 14, 17, 26, 38, 5, 34, 16, 36, 27, 32 ],
[ 6, 27, 21, 1, 7, 4, 13, 30, 20, 9, 36, 26, 5, 14, 11, 17, 35, 29, 12, 10, 22, 
3, 2, 24, 31, 19, 23, 18, 28, 38, 33, 37, 25, 32, 16, 15, 34, 8 ],
[ 1, 36, 28, 9, 31, 4, 24, 33, 15, 26, 10, 29, 21, 18, 23, 17, 8, 22, 20, 6, 27,
7, 3, 5, 38, 25, 32, 19, 14, 16, 12, 30, 13, 37, 35, 11, 2, 34 ]
],
[ PermutationGroup<38 |  
\[ 1, 2, 20, 10, 4, 31, 17, 29, 13, 35, 9, 33, 22, 16, 6, 24, 25, 21, 28, 23, 
38, 14, 11, 34, 27, 8, 19, 32, 7, 18, 37, 30, 15, 12, 26, 3, 36, 5 ],
\[ 21, 1, 7, 4, 13, 30, 20, 9, 36, 26, 5, 14, 11, 17, 35, 29, 12, 10, 22, 3, 2, 
24, 31, 19, 23, 18, 28, 38, 33, 37, 25, 32, 16, 15, 34, 8, 6, 27 ]:
 Order := 25308 > |
[ 6, 15, 18, 20, 33, 1, 24, 25, 11, 19, 9, 28, 22, 29, 2, 35, 30, 3, 10, 4, 23, 
13, 21, 7, 8, 31, 37, 12, 14, 17, 26, 38, 5, 34, 16, 36, 27, 32 ],
[ 29, 38, 2, 6, 27, 22, 20, 36, 18, 32, 17, 9, 5, 1, 31, 16, 30, 12, 28, 26, 21,
4, 8, 10, 19, 7, 13, 25, 14, 11, 33, 24, 15, 37, 34, 23, 35, 3 ],
[ 4, 33, 9, 7, 31, 14, 32, 28, 30, 25, 12, 19, 6, 1, 3, 37, 17, 38, 24, 22, 36, 
27, 21, 26, 23, 15, 34, 18, 29, 11, 20, 2, 13, 35, 16, 8, 5, 10 ]
]
]
;




[ 2, 3, 10, 11, 11, -1 ]
;


[ PowerSequence(PermutationGroup<12 |  
\[ 1, 2, 8, 11, 6, 3, 12, 7, 10, 4, 5, 9 ],
\[ 8, 1, 4, 7, 12, 9, 3, 2, 10, 6, 5, 11 ]:
 Order := 1320 >) |
[ PermutationGroup<12 |  
\[ 1, 2, 8, 11, 6, 3, 12, 7, 10, 4, 5, 9 ],
\[ 8, 1, 4, 7, 12, 9, 3, 2, 10, 6, 5, 11 ]:
 Order := 1320 > |
[ 6, 7, 12, 10, 8, 1, 2, 5, 9, 4, 11, 3 ],
[ 10, 4, 12, 7, 3, 9, 2, 1, 11, 8, 6, 5 ],
[ 11, 4, 3, 1, 10, 8, 7, 12, 6, 2, 9, 5 ]
],
[ PermutationGroup<12 |  
\[ 1, 2, 8, 11, 6, 3, 12, 7, 10, 4, 5, 9 ],
\[ 8, 1, 4, 7, 12, 9, 3, 2, 10, 6, 5, 11 ]:
 Order := 1320 > |
[ 6, 7, 12, 10, 8, 1, 2, 5, 9, 4, 11, 3 ],
[ 12, 9, 2, 5, 8, 1, 10, 4, 3, 11, 7, 6 ],
[ 12, 11, 1, 7, 5, 6, 3, 4, 2, 8, 10, 9 ]
]
]
;




[ 2, 3, 10, 31, 31, -1 ]
;


[ PowerSequence(PermutationGroup<32 |  
\[ 1, 2, 14, 6, 26, 12, 20, 15, 30, 8, 21, 5, 10, 24, 28, 19, 18, 9, 13, 27, 32,
16, 29, 7, 22, 17, 25, 11, 31, 23, 3, 4 ],
\[ 17, 1, 26, 4, 12, 20, 30, 23, 7, 25, 8, 15, 27, 6, 5, 32, 2, 21, 13, 14, 28, 
10, 11, 3, 22, 24, 19, 18, 29, 9, 16, 31 ]:
 Order := 29760 >) |
[ PermutationGroup<32 |  
\[ 1, 2, 14, 6, 26, 12, 20, 15, 30, 8, 21, 5, 10, 24, 28, 19, 18, 9, 13, 27, 32,
16, 29, 7, 22, 17, 25, 11, 31, 23, 3, 4 ],
\[ 17, 1, 26, 4, 12, 20, 30, 23, 7, 25, 8, 15, 27, 6, 5, 32, 2, 21, 13, 14, 28, 
10, 11, 3, 22, 24, 19, 18, 29, 9, 16, 31 ]:
 Order := 29760 > |
[ 8, 26, 9, 16, 28, 7, 6, 1, 3, 22, 14, 15, 29, 11, 12, 4, 23, 25, 20, 19, 30, 
10, 17, 32, 18, 2, 27, 5, 13, 21, 31, 24 ],
[ 15, 16, 22, 17, 21, 28, 25, 32, 4, 31, 5, 6, 8, 29, 23, 26, 9, 7, 19, 3, 11, 
20, 1, 10, 18, 2, 14, 12, 27, 30, 24, 13 ],
[ 13, 16, 17, 2, 6, 18, 12, 23, 20, 3, 27, 1, 14, 21, 28, 9, 15, 7, 22, 19, 30, 
24, 4, 8, 25, 26, 29, 11, 32, 5, 10, 31 ]
],
[ PermutationGroup<32 |  
\[ 1, 2, 14, 6, 26, 12, 20, 15, 30, 8, 21, 5, 10, 24, 28, 19, 18, 9, 13, 27, 32,
16, 29, 7, 22, 17, 25, 11, 31, 23, 3, 4 ],
\[ 17, 1, 26, 4, 12, 20, 30, 23, 7, 25, 8, 15, 27, 6, 5, 32, 2, 21, 13, 14, 28, 
10, 11, 3, 22, 24, 19, 18, 29, 9, 16, 31 ]:
 Order := 29760 > |
[ 8, 26, 9, 16, 28, 7, 6, 1, 3, 22, 14, 15, 29, 11, 12, 4, 23, 25, 20, 19, 30, 
10, 17, 32, 18, 2, 27, 5, 13, 21, 31, 24 ],
[ 18, 6, 9, 11, 17, 7, 2, 19, 14, 4, 10, 12, 15, 3, 26, 1, 29, 16, 21, 25, 8, 
22, 30, 23, 31, 13, 28, 32, 5, 24, 20, 27 ],
[ 21, 15, 3, 18, 27, 6, 2, 16, 14, 22, 9, 13, 17, 4, 12, 10, 24, 20, 31, 8, 23, 
11, 5, 28, 1, 7, 32, 29, 26, 19, 25, 30 ]
]
]
;




[ 2, 3, 12, 13, 13, -1 ]
;


[ PowerSequence(PermutationGroup<14 |  
\[ 1, 2, 9, 11, 7, 13, 8, 14, 10, 12, 5, 6, 4, 3 ],
\[ 14, 1, 8, 10, 6, 12, 7, 13, 9, 11, 4, 5, 3, 2 ]:
 Order := 2184 >) |
[ PermutationGroup<14 |  
\[ 1, 2, 9, 11, 7, 13, 8, 14, 10, 12, 5, 6, 4, 3 ],
\[ 14, 1, 8, 10, 6, 12, 7, 13, 9, 11, 4, 5, 3, 2 ]:
 Order := 2184 > |
[ 7, 3, 2, 13, 8, 12, 1, 5, 14, 11, 10, 6, 4, 9 ],
[ 14, 1, 8, 10, 6, 12, 7, 13, 9, 11, 4, 5, 3, 2 ],
[ 7, 13, 14, 8, 3, 6, 2, 12, 1, 10, 4, 5, 11, 9 ]
],
[ PermutationGroup<14 |  
\[ 1, 2, 9, 11, 7, 13, 8, 14, 10, 12, 5, 6, 4, 3 ],
\[ 14, 1, 8, 10, 6, 12, 7, 13, 9, 11, 4, 5, 3, 2 ]:
 Order := 2184 > |
[ 7, 3, 2, 13, 8, 12, 1, 5, 14, 11, 10, 6, 4, 9 ],
[ 10, 4, 3, 9, 14, 11, 1, 5, 2, 7, 13, 12, 6, 8 ],
[ 10, 3, 9, 11, 14, 12, 7, 8, 5, 6, 1, 13, 2, 4 ]
]
]
;




[ 2, 3, 12, 5, 25, 1 ]
;


[ PowerSequence(PermutationGroup<26 |  
\[ 1, 2, 24, 23, 26, 25, 21, 22, 6, 15, 13, 3, 7, 19, 11, 18, 9, 14, 5, 12, 4, 
16, 20, 10, 8, 17 ],
\[ 21, 1, 17, 5, 6, 4, 22, 15, 8, 26, 24, 25, 13, 3, 9, 12, 14, 10, 7, 11, 2, 
19, 23, 20, 16, 18 ]:
 Order := 7800 >) |
[ PermutationGroup<26 |  
\[ 1, 2, 24, 23, 26, 25, 21, 22, 6, 15, 13, 3, 7, 19, 11, 18, 9, 14, 5, 12, 4, 
16, 20, 10, 8, 17 ],
\[ 21, 1, 17, 5, 6, 4, 22, 15, 8, 26, 24, 25, 13, 3, 9, 12, 14, 10, 7, 11, 2, 
19, 23, 20, 16, 18 ]:
 Order := 7800 > |
[ 22, 26, 10, 13, 5, 14, 15, 17, 24, 3, 18, 23, 4, 6, 7, 16, 8, 11, 21, 25, 19, 
1, 12, 9, 20, 2 ],
[ 20, 23, 4, 17, 9, 10, 18, 2, 25, 16, 12, 24, 7, 19, 15, 6, 3, 13, 21, 22, 14, 
1, 8, 11, 5, 26 ],
[ 20, 26, 6, 18, 25, 21, 15, 4, 12, 17, 7, 2, 3, 16, 13, 10, 23, 24, 19, 9, 14, 
22, 11, 5, 1, 8 ]
]
]
;




[ 2, 3, 13, 13, 13, 1 ]
;


[ PowerSequence(PermutationGroup<14 |  
\[ 1, 2, 10, 5, 8, 4, 14, 3, 12, 6, 7, 13, 11, 9 ],
\[ 14, 1, 8, 10, 6, 12, 7, 13, 9, 11, 4, 5, 3, 2 ]:
 Order := 1092 >) |
[ PermutationGroup<14 |  
\[ 1, 2, 10, 5, 8, 4, 14, 3, 12, 6, 7, 13, 11, 9 ],
\[ 14, 1, 8, 10, 6, 12, 7, 13, 9, 11, 4, 5, 3, 2 ]:
 Order := 1092 > |
[ 10, 3, 2, 4, 5, 7, 6, 13, 11, 1, 9, 14, 8, 12 ],
[ 14, 1, 8, 10, 6, 12, 7, 13, 9, 11, 4, 5, 3, 2 ],
[ 4, 13, 14, 11, 12, 7, 5, 8, 10, 2, 9, 1, 3, 6 ]
]
]
;




[ 2, 3, 15, 2, 16, -1 ]
;


[ PowerSequence(PermutationGroup<17 |  
\[ 1, 2, 4, 13, 3, 11, 16, 7, 14, 6, 8, 9, 12, 10, 5, 17, 15 ],
\[ 9, 1, 14, 12, 5, 3, 16, 8, 2, 7, 4, 11, 17, 6, 13, 10, 15 ]:
 Order := 4080 >) |
[ PermutationGroup<17 |  
\[ 1, 2, 4, 13, 3, 11, 16, 7, 14, 6, 8, 9, 12, 10, 5, 17, 15 ],
\[ 9, 1, 14, 12, 5, 3, 16, 8, 2, 7, 4, 11, 17, 6, 13, 10, 15 ]:
 Order := 4080 > |
[ 3, 2, 1, 17, 16, 15, 14, 13, 12, 11, 10, 9, 8, 7, 6, 5, 4 ],
[ 12, 1, 13, 16, 9, 3, 14, 7, 10, 5, 11, 2, 6, 8, 15, 17, 4 ],
[ 6, 12, 2, 16, 4, 15, 7, 3, 1, 11, 9, 5, 14, 8, 13, 10, 17 ]
]
]
;




[ 2, 3, 18, 19, 19, -1 ]
;


[ PowerSequence(PermutationGroup<20 |  
\[ 1, 2, 12, 8, 16, 13, 18, 7, 10, 17, 20, 9, 14, 11, 19, 15, 5, 6, 4, 3 ],
\[ 20, 1, 11, 7, 15, 12, 17, 6, 9, 16, 19, 8, 13, 10, 18, 14, 4, 5, 3, 2 ]:
 Order := 6840 >) |
[ PermutationGroup<20 |  
\[ 1, 2, 12, 8, 16, 13, 18, 7, 10, 17, 20, 9, 14, 11, 19, 15, 5, 6, 4, 3 ],
\[ 20, 1, 11, 7, 15, 12, 17, 6, 9, 16, 19, 8, 13, 10, 18, 14, 4, 5, 3, 2 ]:
 Order := 6840 > |
[ 11, 2, 5, 9, 3, 12, 8, 7, 4, 16, 1, 6, 18, 15, 14, 10, 19, 13, 17, 20 ],
[ 20, 1, 11, 7, 15, 12, 17, 6, 9, 16, 19, 8, 13, 10, 18, 14, 4, 5, 3, 2 ],
[ 3, 20, 18, 9, 19, 6, 12, 4, 17, 10, 2, 8, 15, 5, 16, 14, 11, 13, 7, 1 ]
],
[ PermutationGroup<20 |  
\[ 1, 2, 12, 8, 16, 13, 18, 7, 10, 17, 20, 9, 14, 11, 19, 15, 5, 6, 4, 3 ],
\[ 20, 1, 11, 7, 15, 12, 17, 6, 9, 16, 19, 8, 13, 10, 18, 14, 4, 5, 3, 2 ]:
 Order := 6840 > |
[ 11, 2, 5, 9, 3, 12, 8, 7, 4, 16, 1, 6, 18, 15, 14, 10, 19, 13, 17, 20 ],
[ 11, 18, 16, 4, 3, 15, 7, 6, 14, 12, 19, 20, 9, 13, 8, 5, 2, 17, 1, 10 ],
[ 1, 17, 16, 13, 5, 10, 15, 7, 4, 3, 19, 8, 2, 6, 9, 20, 11, 14, 18, 12 ]
],
[ PermutationGroup<20 |  
\[ 1, 2, 12, 8, 16, 13, 18, 7, 10, 17, 20, 9, 14, 11, 19, 15, 5, 6, 4, 3 ],
\[ 20, 1, 11, 7, 15, 12, 17, 6, 9, 16, 19, 8, 13, 10, 18, 14, 4, 5, 3, 2 ]:
 Order := 6840 > |
[ 11, 2, 5, 9, 3, 12, 8, 7, 4, 16, 1, 6, 18, 15, 14, 10, 19, 13, 17, 20 ],
[ 14, 7, 11, 18, 17, 12, 10, 8, 3, 2, 9, 13, 6, 15, 1, 4, 20, 16, 19, 5 ],
[ 3, 10, 20, 11, 9, 6, 8, 2, 16, 18, 15, 13, 4, 14, 1, 7, 19, 12, 5, 17 ]
]
]
;




[ 2, 4, 5, 5, 5, -1 ]
;


[ PowerSequence(PermutationGroup<6 |  
\[ 1, 2, 5, 6, 4, 3 ],
\[ 6, 1, 4, 5, 3, 2 ]:
 Order := 120 >) |
[ PermutationGroup<6 |  
\[ 1, 2, 5, 6, 4, 3 ],
\[ 6, 1, 4, 5, 3, 2 ]:
 Order := 120 > |
[ 5, 3, 2, 6, 1, 4 ],
[ 5, 6, 3, 4, 2, 1 ],
[ 1, 3, 5, 2, 6, 4 ]
]
]
;




[ 2, 4, 5, 3, 9, 1 ]
;


[ PowerSequence(PermutationGroup<10 |  
\[ 1, 2, 8, 6, 10, 5, 9, 7, 3, 4 ],
\[ 8, 1, 4, 5, 3, 10, 6, 2, 9, 7 ]:
 Order := 360 >) |
[ PermutationGroup<10 |  
\[ 1, 2, 8, 6, 10, 5, 9, 7, 3, 4 ],
\[ 8, 1, 4, 5, 3, 10, 6, 2, 9, 7 ]:
 Order := 360 > |
[ 8, 9, 7, 4, 10, 6, 3, 1, 2, 5 ],
[ 5, 1, 6, 2, 4, 8, 7, 10, 9, 3 ],
[ 6, 9, 7, 5, 8, 3, 10, 2, 4, 1 ]
]
]
;




[ 2, 4, 5, 11, 11, -1 ]
;


[ PowerSequence(PermutationGroup<12 |  
\[ 1, 2, 8, 11, 6, 3, 12, 7, 10, 4, 5, 9 ],
\[ 8, 1, 4, 7, 12, 9, 3, 2, 10, 6, 5, 11 ]:
 Order := 1320 >) |
[ PermutationGroup<12 |  
\[ 1, 2, 8, 11, 6, 3, 12, 7, 10, 4, 5, 9 ],
\[ 8, 1, 4, 7, 12, 9, 3, 2, 10, 6, 5, 11 ]:
 Order := 1320 > |
[ 6, 7, 12, 10, 8, 1, 2, 5, 9, 4, 11, 3 ],
[ 10, 11, 12, 1, 2, 3, 4, 5, 6, 7, 8, 9 ],
[ 9, 10, 3, 1, 11, 4, 5, 8, 12, 7, 2, 6 ]
],
[ PermutationGroup<12 |  
\[ 1, 2, 8, 11, 6, 3, 12, 7, 10, 4, 5, 9 ],
\[ 8, 1, 4, 7, 12, 9, 3, 2, 10, 6, 5, 11 ]:
 Order := 1320 > |
[ 6, 7, 12, 10, 8, 1, 2, 5, 9, 4, 11, 3 ],
[ 4, 7, 2, 11, 8, 3, 6, 12, 1, 5, 9, 10 ],
[ 7, 2, 8, 12, 5, 9, 3, 10, 11, 1, 4, 6 ]
]
]
;




[ 2, 4, 5, 41, 41, 1 ]
;


[ PowerSequence(PermutationGroup<42 |  
\[ 1, 2, 34, 16, 38, 24, 40, 29, 22, 7, 42, 31, 5, 33, 13, 37, 27, 28, 3, 14, 
39, 10, 36, 17, 11, 6, 9, 21, 41, 4, 25, 30, 8, 20, 23, 18, 12, 35, 19, 32, 15, 
26 ],
\[ 41, 1, 36, 24, 22, 30, 10, 7, 18, 8, 17, 13, 31, 35, 6, 37, 19, 26, 11, 38, 
3, 27, 16, 29, 33, 9, 5, 14, 4, 15, 12, 34, 42, 40, 28, 21, 23, 39, 20, 32, 2, 
25 ]:
 Order := 34440 >) |
[ PermutationGroup<42 |  
\[ 1, 2, 34, 16, 38, 24, 40, 29, 22, 7, 42, 31, 5, 33, 13, 37, 27, 28, 3, 14, 
39, 10, 36, 17, 11, 6, 9, 21, 41, 4, 25, 30, 8, 20, 23, 18, 12, 35, 19, 32, 15, 
26 ],
\[ 41, 1, 36, 24, 22, 30, 10, 7, 18, 8, 17, 13, 31, 35, 6, 37, 19, 26, 11, 38, 
3, 27, 16, 29, 33, 9, 5, 14, 4, 15, 12, 34, 42, 40, 28, 21, 23, 39, 20, 32, 2, 
25 ]:
 Order := 34440 > |
[ 28, 13, 3, 39, 15, 38, 14, 8, 40, 25, 34, 29, 2, 7, 5, 36, 37, 21, 42, 22, 18,
20, 27, 41, 10, 30, 23, 1, 12, 26, 33, 35, 31, 11, 32, 16, 17, 6, 4, 9, 24, 19 
],
[ 41, 35, 18, 25, 21, 27, 38, 11, 39, 26, 17, 7, 28, 20, 32, 36, 40, 10, 2, 23, 
13, 4, 33, 19, 34, 3, 9, 5, 12, 37, 31, 30, 14, 22, 24, 1, 15, 29, 6, 8, 16, 42 
],
[ 13, 21, 26, 9, 37, 7, 33, 40, 17, 4, 25, 38, 19, 12, 28, 16, 30, 5, 42, 34, 3,
14, 6, 1, 18, 32, 20, 36, 29, 10, 23, 2, 31, 8, 15, 41, 11, 39, 22, 27, 35, 24 ]
],
[ PermutationGroup<42 |  
\[ 1, 2, 34, 16, 38, 24, 40, 29, 22, 7, 42, 31, 5, 33, 13, 37, 27, 28, 3, 14, 
39, 10, 36, 17, 11, 6, 9, 21, 41, 4, 25, 30, 8, 20, 23, 18, 12, 35, 19, 32, 15, 
26 ],
\[ 41, 1, 36, 24, 22, 30, 10, 7, 18, 8, 17, 13, 31, 35, 6, 37, 19, 26, 11, 38, 
3, 27, 16, 29, 33, 9, 5, 14, 4, 15, 12, 34, 42, 40, 28, 21, 23, 39, 20, 32, 2, 
25 ]:
 Order := 34440 > |
[ 28, 13, 3, 39, 15, 38, 14, 8, 40, 25, 34, 29, 2, 7, 5, 36, 37, 21, 42, 22, 18,
20, 27, 41, 10, 30, 23, 1, 12, 26, 33, 35, 31, 11, 32, 16, 17, 6, 4, 9, 24, 19 
],
[ 35, 41, 28, 4, 2, 34, 30, 14, 36, 37, 3, 40, 18, 12, 22, 39, 7, 1, 21, 16, 24,
25, 5, 31, 27, 17, 15, 33, 20, 26, 19, 38, 11, 32, 13, 10, 9, 6, 29, 8, 23, 42 
],
[ 3, 35, 11, 16, 27, 32, 8, 40, 12, 22, 6, 39, 5, 17, 23, 9, 10, 19, 42, 15, 13,
29, 25, 2, 36, 7, 41, 18, 14, 30, 28, 1, 24, 33, 34, 20, 26, 38, 4, 37, 21, 31 ]
]
]
;




[ 2, 4, 6, 5, 5, -1 ]
;


[ PowerSequence(PermutationGroup<6 |  
\[ 1, 2, 5, 6, 4, 3 ],
\[ 6, 1, 4, 5, 3, 2 ]:
 Order := 120 >) |
[ PermutationGroup<6 |  
\[ 1, 2, 5, 6, 4, 3 ],
\[ 6, 1, 4, 5, 3, 2 ]:
 Order := 120 > |
[ 6, 3, 2, 4, 5, 1 ],
[ 3, 2, 4, 5, 1, 6 ],
[ 6, 1, 2, 3, 4, 5 ]
]
]
;




[ 2, 4, 6, 7, 7, -1 ]
;


[ PowerSequence(PermutationGroup<8 |  
\[ 1, 2, 4, 6, 7, 5, 8, 3 ],
\[ 8, 1, 3, 5, 6, 4, 7, 2 ]:
 Order := 336 >) |
[ PermutationGroup<8 |  
\[ 1, 2, 4, 6, 7, 5, 8, 3 ],
\[ 8, 1, 3, 5, 6, 4, 7, 2 ]:
 Order := 336 > |
[ 7, 4, 8, 2, 5, 6, 1, 3 ],
[ 5, 4, 6, 3, 8, 2, 1, 7 ],
[ 8, 2, 5, 6, 1, 3, 7, 4 ]
]
]
;




[ 2, 4, 6, 13, 13, -1 ]
;


[ PowerSequence(PermutationGroup<14 |  
\[ 1, 2, 9, 11, 7, 13, 8, 14, 10, 12, 5, 6, 4, 3 ],
\[ 14, 1, 8, 10, 6, 12, 7, 13, 9, 11, 4, 5, 3, 2 ]:
 Order := 2184 >) |
[ PermutationGroup<14 |  
\[ 1, 2, 9, 11, 7, 13, 8, 14, 10, 12, 5, 6, 4, 3 ],
\[ 14, 1, 8, 10, 6, 12, 7, 13, 9, 11, 4, 5, 3, 2 ]:
 Order := 2184 > |
[ 7, 3, 2, 13, 8, 12, 1, 5, 14, 11, 10, 6, 4, 9 ],
[ 11, 3, 14, 7, 2, 12, 13, 4, 9, 10, 6, 1, 8, 5 ],
[ 4, 2, 5, 7, 13, 6, 12, 14, 3, 1, 10, 11, 8, 9 ]
]
]
;




[ 2, 4, 8, 3, 9, -1 ]
;


[ PowerSequence(PermutationGroup<10 |  
\[ 1, 2, 6, 3, 7, 8, 10, 5, 4, 9 ],
\[ 8, 1, 4, 5, 3, 10, 6, 2, 9, 7 ]:
 Order := 720 >) |
[ PermutationGroup<10 |  
\[ 1, 2, 6, 3, 7, 8, 10, 5, 4, 9 ],
\[ 8, 1, 4, 5, 3, 10, 6, 2, 9, 7 ]:
 Order := 720 > |
[ 10, 9, 8, 7, 6, 5, 4, 3, 2, 1 ],
[ 8, 9, 3, 10, 4, 5, 7, 2, 1, 6 ],
[ 4, 2, 1, 7, 10, 6, 5, 3, 8, 9 ]
]
]
;




[ 2, 4, 8, 17, 17, 1 ]
;


[ PowerSequence(PermutationGroup<18 |  
\[ 1, 2, 15, 9, 13, 18, 4, 16, 11, 12, 3, 17, 6, 5, 8, 7, 14, 10 ],
\[ 18, 1, 9, 12, 3, 10, 4, 16, 5, 14, 17, 7, 8, 6, 11, 13, 15, 2 ]:
 Order := 2448 >) |
[ PermutationGroup<18 |  
\[ 1, 2, 15, 9, 13, 18, 4, 16, 11, 12, 3, 17, 6, 5, 8, 7, 14, 10 ],
\[ 18, 1, 9, 12, 3, 10, 4, 16, 5, 14, 17, 7, 8, 6, 11, 13, 15, 2 ]:
 Order := 2448 > |
[ 18, 6, 10, 17, 12, 2, 7, 8, 13, 3, 16, 5, 9, 15, 14, 11, 4, 1 ],
[ 6, 2, 10, 3, 1, 8, 14, 5, 11, 18, 16, 9, 17, 13, 15, 12, 7, 4 ],
[ 10, 1, 3, 13, 16, 2, 17, 6, 14, 4, 11, 8, 12, 15, 7, 9, 18, 5 ]
],
[ PermutationGroup<18 |  
\[ 1, 2, 15, 9, 13, 18, 4, 16, 11, 12, 3, 17, 6, 5, 8, 7, 14, 10 ],
\[ 18, 1, 9, 12, 3, 10, 4, 16, 5, 14, 17, 7, 8, 6, 11, 13, 15, 2 ]:
 Order := 2448 > |
[ 18, 6, 10, 17, 12, 2, 7, 8, 13, 3, 16, 5, 9, 15, 14, 11, 4, 1 ],
[ 18, 7, 9, 2, 14, 5, 17, 10, 12, 1, 11, 15, 13, 16, 3, 6, 4, 8 ],
[ 1, 16, 8, 7, 9, 4, 2, 18, 13, 15, 14, 6, 3, 12, 5, 11, 17, 10 ]
]
]
;




[ 2, 4, 12, 13, 13, -1 ]
;


[ PowerSequence(PermutationGroup<14 |  
\[ 1, 2, 9, 11, 7, 13, 8, 14, 10, 12, 5, 6, 4, 3 ],
\[ 14, 1, 8, 10, 6, 12, 7, 13, 9, 11, 4, 5, 3, 2 ]:
 Order := 2184 >) |
[ PermutationGroup<14 |  
\[ 1, 2, 9, 11, 7, 13, 8, 14, 10, 12, 5, 6, 4, 3 ],
\[ 14, 1, 8, 10, 6, 12, 7, 13, 9, 11, 4, 5, 3, 2 ]:
 Order := 2184 > |
[ 14, 3, 2, 7, 9, 6, 4, 12, 5, 13, 11, 8, 10, 1 ],
[ 9, 1, 2, 10, 5, 8, 4, 14, 3, 12, 6, 7, 13, 11 ],
[ 8, 9, 3, 12, 1, 11, 7, 10, 5, 13, 14, 6, 4, 2 ]
],
[ PermutationGroup<14 |  
\[ 1, 2, 9, 11, 7, 13, 8, 14, 10, 12, 5, 6, 4, 3 ],
\[ 14, 1, 8, 10, 6, 12, 7, 13, 9, 11, 4, 5, 3, 2 ]:
 Order := 2184 > |
[ 14, 3, 2, 7, 9, 6, 4, 12, 5, 13, 11, 8, 10, 1 ],
[ 6, 13, 2, 10, 4, 7, 14, 5, 9, 8, 3, 12, 11, 1 ],
[ 7, 11, 3, 6, 9, 1, 5, 12, 8, 2, 13, 10, 4, 14 ]
]
]
;




[ 2, 5, 5, 5, 5, 1 ]
;


[ PowerSequence(PermutationGroup<6 |  
\[ 1, 2, 4, 3, 6, 5 ],
\[ 6, 1, 4, 5, 3, 2 ]:
 Order := 60 >) |
[ PermutationGroup<6 |  
\[ 1, 2, 4, 3, 6, 5 ],
\[ 6, 1, 4, 5, 3, 2 ]:
 Order := 60 > |
[ 4, 2, 5, 1, 3, 6 ],
[ 4, 1, 2, 6, 5, 3 ],
[ 1, 3, 5, 2, 6, 4 ]
]
]
;




[ 2, 5, 5, 11, 11, 1 ]
;


[ PowerSequence(PermutationGroup<12 |  
\[ 1, 2, 7, 5, 3, 8, 9, 12, 4, 11, 6, 10 ],
\[ 8, 1, 4, 7, 12, 9, 3, 2, 10, 6, 5, 11 ]:
 Order := 660 >) |
[ PermutationGroup<12 |  
\[ 1, 2, 7, 5, 3, 8, 9, 12, 4, 11, 6, 10 ],
\[ 8, 1, 4, 7, 12, 9, 3, 2, 10, 6, 5, 11 ]:
 Order := 660 > |
[ 5, 7, 10, 12, 1, 8, 2, 6, 11, 3, 9, 4 ],
[ 12, 7, 11, 2, 3, 8, 6, 4, 9, 10, 1, 5 ],
[ 12, 2, 10, 1, 11, 6, 4, 7, 3, 5, 9, 8 ]
],
[ PermutationGroup<12 |  
\[ 1, 2, 7, 5, 3, 8, 9, 12, 4, 11, 6, 10 ],
\[ 8, 1, 4, 7, 12, 9, 3, 2, 10, 6, 5, 11 ]:
 Order := 660 > |
[ 5, 7, 10, 12, 1, 8, 2, 6, 11, 3, 9, 4 ],
[ 2, 7, 10, 1, 6, 3, 9, 8, 4, 12, 11, 5 ],
[ 12, 2, 3, 10, 4, 8, 1, 5, 11, 6, 7, 9 ]
]
]
;




[ 2, 5, 10, 11, 11, -1 ]
;


[ PowerSequence(PermutationGroup<12 |  
\[ 1, 2, 8, 11, 6, 3, 12, 7, 10, 4, 5, 9 ],
\[ 8, 1, 4, 7, 12, 9, 3, 2, 10, 6, 5, 11 ]:
 Order := 1320 >) |
[ PermutationGroup<12 |  
\[ 1, 2, 8, 11, 6, 3, 12, 7, 10, 4, 5, 9 ],
\[ 8, 1, 4, 7, 12, 9, 3, 2, 10, 6, 5, 11 ]:
 Order := 1320 > |
[ 6, 7, 12, 10, 8, 1, 2, 5, 9, 4, 11, 3 ],
[ 11, 6, 12, 4, 9, 1, 7, 2, 3, 5, 8, 10 ],
[ 2, 7, 3, 12, 11, 6, 8, 10, 5, 4, 1, 9 ]
],
[ PermutationGroup<12 |  
\[ 1, 2, 8, 11, 6, 3, 12, 7, 10, 4, 5, 9 ],
\[ 8, 1, 4, 7, 12, 9, 3, 2, 10, 6, 5, 11 ]:
 Order := 1320 > |
[ 6, 7, 12, 10, 8, 1, 2, 5, 9, 4, 11, 3 ],
[ 6, 7, 11, 3, 4, 10, 1, 8, 5, 2, 9, 12 ],
[ 1, 2, 12, 6, 8, 7, 10, 9, 11, 5, 3, 4 ]
]
]
;




[ 2, 6, 6, 7, 7, -1 ]
;


[ PowerSequence(PermutationGroup<8 |  
\[ 1, 2, 4, 6, 7, 5, 8, 3 ],
\[ 8, 1, 3, 5, 6, 4, 7, 2 ]:
 Order := 336 >) |
[ PermutationGroup<8 |  
\[ 1, 2, 4, 6, 7, 5, 8, 3 ],
\[ 8, 1, 3, 5, 6, 4, 7, 2 ]:
 Order := 336 > |
[ 6, 4, 7, 2, 8, 1, 3, 5 ],
[ 3, 4, 2, 5, 8, 6, 7, 1 ],
[ 6, 2, 7, 3, 5, 8, 1, 4 ]
]
]
;




[ 2, 6, 6, 13, 13, 1 ]
;


[ PowerSequence(PermutationGroup<14 |  
\[ 1, 2, 10, 5, 8, 4, 14, 3, 12, 6, 7, 13, 11, 9 ],
\[ 14, 1, 8, 10, 6, 12, 7, 13, 9, 11, 4, 5, 3, 2 ]:
 Order := 1092 >) |
[ PermutationGroup<14 |  
\[ 1, 2, 10, 5, 8, 4, 14, 3, 12, 6, 7, 13, 11, 9 ],
\[ 14, 1, 8, 10, 6, 12, 7, 13, 9, 11, 4, 5, 3, 2 ]:
 Order := 1092 > |
[ 10, 3, 2, 4, 5, 7, 6, 13, 11, 1, 9, 14, 8, 12 ],
[ 5, 13, 8, 11, 7, 3, 6, 1, 9, 10, 2, 14, 12, 4 ],
[ 10, 6, 11, 14, 1, 5, 7, 2, 4, 8, 9, 12, 3, 13 ]
]
]
;




[ 2, 6, 7, 7, 7, -1 ]
;


[ PowerSequence(PermutationGroup<8 |  
\[ 1, 2, 4, 6, 7, 5, 8, 3 ],
\[ 8, 1, 3, 5, 6, 4, 7, 2 ]:
 Order := 336 >) |
[ PermutationGroup<8 |  
\[ 1, 2, 4, 6, 7, 5, 8, 3 ],
\[ 8, 1, 3, 5, 6, 4, 7, 2 ]:
 Order := 336 > |
[ 7, 4, 8, 2, 5, 6, 1, 3 ],
[ 3, 2, 6, 7, 4, 5, 1, 8 ],
[ 4, 5, 8, 2, 6, 3, 7, 1 ]
]
]
;




[ 2, 7, 7, 2, 8, -1 ]
;


[ PowerSequence(PermutationGroup<9 |  
\[ 1, 2, 6, 5, 7, 9, 8, 3, 4 ],
\[ 3, 1, 2, 7, 6, 9, 8, 4, 5 ]:
 Order := 504 >) |
[ PermutationGroup<9 |  
\[ 1, 2, 6, 5, 7, 9, 8, 3, 4 ],
\[ 3, 1, 2, 7, 6, 9, 8, 4, 5 ]:
 Order := 504 > |
[ 5, 2, 8, 6, 1, 4, 9, 3, 7 ],
[ 4, 1, 2, 6, 5, 7, 9, 8, 3 ],
[ 5, 3, 8, 4, 2, 1, 7, 9, 6 ]
],
[ PermutationGroup<9 |  
\[ 1, 2, 6, 5, 7, 9, 8, 3, 4 ],
\[ 3, 1, 2, 7, 6, 9, 8, 4, 5 ]:
 Order := 504 > |
[ 5, 2, 8, 6, 1, 4, 9, 3, 7 ],
[ 5, 4, 7, 6, 2, 3, 1, 8, 9 ],
[ 1, 5, 8, 4, 7, 2, 9, 6, 3 ]
]
]
;




[ 2, 8, 8, 3, 9, -1 ]
;


[ PowerSequence(PermutationGroup<10 |  
\[ 1, 2, 6, 3, 7, 8, 10, 5, 4, 9 ],
\[ 8, 1, 4, 5, 3, 10, 6, 2, 9, 7 ]:
 Order := 720 >) |
[ PermutationGroup<10 |  
\[ 1, 2, 6, 3, 7, 8, 10, 5, 4, 9 ],
\[ 8, 1, 4, 5, 3, 10, 6, 2, 9, 7 ]:
 Order := 720 > |
[ 4, 9, 3, 1, 7, 8, 5, 6, 2, 10 ],
[ 3, 4, 6, 1, 10, 5, 7, 8, 2, 9 ],
[ 2, 10, 1, 4, 7, 8, 6, 3, 9, 5 ]
]
]
;




[ 3, 3, 4, 7, 7, 1 ]
;


[ PowerSequence(PermutationGroup<8 |  
\[ 1, 2, 6, 5, 8, 7, 3, 4 ],
\[ 8, 1, 3, 5, 6, 4, 7, 2 ]:
 Order := 168 >) |
[ PermutationGroup<8 |  
\[ 1, 2, 6, 5, 8, 7, 3, 4 ],
\[ 8, 1, 3, 5, 6, 4, 7, 2 ]:
 Order := 168 > |
[ 8, 1, 3, 5, 6, 4, 7, 2 ],
[ 3, 7, 5, 2, 1, 6, 4, 8 ],
[ 4, 8, 1, 6, 7, 3, 2, 5 ]
],
[ PermutationGroup<8 |  
\[ 1, 2, 6, 5, 8, 7, 3, 4 ],
\[ 8, 1, 3, 5, 6, 4, 7, 2 ]:
 Order := 168 > |
[ 8, 1, 3, 5, 6, 4, 7, 2 ],
[ 1, 5, 4, 7, 6, 2, 3, 8 ],
[ 6, 8, 7, 5, 3, 2, 4, 1 ]
]
]
;




[ 3, 3, 4, 3, 9, 1 ]
;


[ PowerSequence(PermutationGroup<10 |  
\[ 1, 2, 8, 6, 10, 5, 9, 7, 3, 4 ],
\[ 8, 1, 4, 5, 3, 10, 6, 2, 9, 7 ]:
 Order := 360 >) |
[ PermutationGroup<10 |  
\[ 1, 2, 8, 6, 10, 5, 9, 7, 3, 4 ],
\[ 8, 1, 4, 5, 3, 10, 6, 2, 9, 7 ]:
 Order := 360 > |
[ 8, 1, 4, 5, 3, 10, 6, 2, 9, 7 ],
[ 7, 3, 9, 6, 4, 5, 8, 1, 2, 10 ],
[ 9, 7, 6, 2, 5, 1, 10, 8, 3, 4 ]
]
]
;




[ 3, 3, 4, 5, 25, 1 ]
;


[ PowerSequence(PermutationGroup<26 |  
\[ 1, 2, 24, 23, 26, 25, 21, 22, 6, 15, 13, 3, 7, 19, 11, 18, 9, 14, 5, 12, 4, 
16, 20, 10, 8, 17 ],
\[ 21, 1, 17, 5, 6, 4, 22, 15, 8, 26, 24, 25, 13, 3, 9, 12, 14, 10, 7, 11, 2, 
19, 23, 20, 16, 18 ]:
 Order := 7800 >) |
[ PermutationGroup<26 |  
\[ 1, 2, 24, 23, 26, 25, 21, 22, 6, 15, 13, 3, 7, 19, 11, 18, 9, 14, 5, 12, 4, 
16, 20, 10, 8, 17 ],
\[ 21, 1, 17, 5, 6, 4, 22, 15, 8, 26, 24, 25, 13, 3, 9, 12, 14, 10, 7, 11, 2, 
19, 23, 20, 16, 18 ]:
 Order := 7800 > |
[ 11, 2, 24, 10, 19, 5, 1, 18, 15, 25, 7, 8, 26, 13, 20, 23, 17, 12, 6, 9, 16, 
3, 21, 22, 4, 14 ],
[ 20, 11, 15, 12, 8, 10, 13, 19, 9, 23, 24, 22, 14, 7, 26, 18, 16, 17, 5, 21, 1,
4, 6, 2, 25, 3 ],
[ 14, 24, 12, 25, 23, 8, 2, 4, 1, 22, 21, 16, 13, 15, 9, 20, 18, 5, 19, 3, 10, 
11, 17, 26, 6, 7 ]
]
]
;




[ 3, 3, 5, 2, 4, -1 ]
;


[ PowerSequence(PermutationGroup<5 |  
\[ 1, 2, 5, 3, 4 ],
\[ 5, 1, 3, 4, 2 ]:
 Order := 60 >) |
[ PermutationGroup<5 |  
\[ 1, 2, 5, 3, 4 ],
\[ 5, 1, 3, 4, 2 ]:
 Order := 60 > |
[ 2, 3, 1, 4, 5 ],
[ 4, 2, 3, 5, 1 ],
[ 3, 5, 2, 1, 4 ]
]
]
;




[ 3, 3, 6, 13, 13, 1 ]
;


[ PowerSequence(PermutationGroup<14 |  
\[ 1, 2, 10, 5, 8, 4, 14, 3, 12, 6, 7, 13, 11, 9 ],
\[ 14, 1, 8, 10, 6, 12, 7, 13, 9, 11, 4, 5, 3, 2 ]:
 Order := 1092 >) |
[ PermutationGroup<14 |  
\[ 1, 2, 10, 5, 8, 4, 14, 3, 12, 6, 7, 13, 11, 9 ],
\[ 14, 1, 8, 10, 6, 12, 7, 13, 9, 11, 4, 5, 3, 2 ]:
 Order := 1092 > |
[ 14, 1, 8, 10, 6, 12, 7, 13, 9, 11, 4, 5, 3, 2 ],
[ 2, 3, 1, 14, 12, 13, 6, 8, 4, 10, 5, 11, 7, 9 ],
[ 1, 4, 6, 12, 5, 11, 13, 2, 14, 9, 10, 7, 8, 3 ]
],
[ PermutationGroup<14 |  
\[ 1, 2, 10, 5, 8, 4, 14, 3, 12, 6, 7, 13, 11, 9 ],
\[ 14, 1, 8, 10, 6, 12, 7, 13, 9, 11, 4, 5, 3, 2 ]:
 Order := 1092 > |
[ 14, 1, 8, 10, 6, 12, 7, 13, 9, 11, 4, 5, 3, 2 ],
[ 1, 2, 6, 8, 3, 5, 9, 10, 13, 4, 14, 11, 7, 12 ],
[ 2, 11, 9, 12, 14, 6, 13, 5, 7, 10, 8, 3, 4, 1 ]
]
]
;




[ 3, 3, 7, 7, 7, 1 ]
;


[ PowerSequence(PermutationGroup<8 |  
\[ 1, 2, 6, 5, 8, 7, 3, 4 ],
\[ 8, 1, 3, 5, 6, 4, 7, 2 ]:
 Order := 168 >) |
[ PermutationGroup<8 |  
\[ 1, 2, 6, 5, 8, 7, 3, 4 ],
\[ 8, 1, 3, 5, 6, 4, 7, 2 ]:
 Order := 168 > |
[ 8, 1, 3, 5, 6, 4, 7, 2 ],
[ 4, 2, 7, 6, 3, 1, 5, 8 ],
[ 2, 8, 5, 4, 1, 7, 3, 6 ]
]
]
;




[ 3, 4, 4, 5, 5, -1 ]
;


[ PowerSequence(PermutationGroup<6 |  
\[ 1, 2, 5, 6, 4, 3 ],
\[ 6, 1, 4, 5, 3, 2 ]:
 Order := 120 >) |
[ PermutationGroup<6 |  
\[ 1, 2, 5, 6, 4, 3 ],
\[ 6, 1, 4, 5, 3, 2 ]:
 Order := 120 > |
[ 6, 1, 4, 5, 3, 2 ],
[ 2, 4, 3, 6, 5, 1 ],
[ 1, 4, 5, 3, 2, 6 ]
]
]
;




[ 3, 4, 4, 13, 13, -1 ]
;


[ PowerSequence(PermutationGroup<14 |  
\[ 1, 2, 9, 11, 7, 13, 8, 14, 10, 12, 5, 6, 4, 3 ],
\[ 14, 1, 8, 10, 6, 12, 7, 13, 9, 11, 4, 5, 3, 2 ]:
 Order := 2184 >) |
[ PermutationGroup<14 |  
\[ 1, 2, 9, 11, 7, 13, 8, 14, 10, 12, 5, 6, 4, 3 ],
\[ 14, 1, 8, 10, 6, 12, 7, 13, 9, 11, 4, 5, 3, 2 ]:
 Order := 2184 > |
[ 14, 1, 8, 10, 6, 12, 7, 13, 9, 11, 4, 5, 3, 2 ],
[ 3, 14, 5, 11, 10, 4, 6, 8, 2, 1, 7, 12, 9, 13 ],
[ 9, 2, 14, 4, 12, 3, 11, 1, 13, 6, 5, 7, 8, 10 ]
]
]
;




[ 3, 6, 6, 7, 7, -1 ]
;


[ PowerSequence(PermutationGroup<8 |  
\[ 1, 2, 4, 6, 7, 5, 8, 3 ],
\[ 8, 1, 3, 5, 6, 4, 7, 2 ]:
 Order := 336 >) |
[ PermutationGroup<8 |  
\[ 1, 2, 4, 6, 7, 5, 8, 3 ],
\[ 8, 1, 3, 5, 6, 4, 7, 2 ]:
 Order := 336 > |
[ 8, 1, 3, 5, 6, 4, 7, 2 ],
[ 3, 2, 6, 7, 4, 5, 1, 8 ],
[ 2, 8, 1, 3, 5, 6, 4, 7 ]
]
]
;




[ 4, 4, 4, 3, 9, 1 ]
;


[ PowerSequence(PermutationGroup<10 |  
\[ 1, 2, 8, 6, 10, 5, 9, 7, 3, 4 ],
\[ 8, 1, 4, 5, 3, 10, 6, 2, 9, 7 ]:
 Order := 360 >) |
[ PermutationGroup<10 |  
\[ 1, 2, 8, 6, 10, 5, 9, 7, 3, 4 ],
\[ 8, 1, 4, 5, 3, 10, 6, 2, 9, 7 ]:
 Order := 360 > |
[ 9, 1, 5, 4, 7, 6, 10, 2, 8, 3 ],
[ 7, 2, 10, 9, 5, 8, 4, 3, 1, 6 ],
[ 2, 6, 3, 7, 8, 10, 5, 4, 9, 1 ]
]
]
;




[ 4, 4, 5, 5, 5, -1 ]
;


[ PowerSequence(PermutationGroup<6 |  
\[ 1, 2, 5, 6, 4, 3 ],
\[ 6, 1, 4, 5, 3, 2 ]:
 Order := 120 >) |
[ PermutationGroup<6 |  
\[ 1, 2, 5, 6, 4, 3 ],
\[ 6, 1, 4, 5, 3, 2 ]:
 Order := 120 > |
[ 3, 1, 6, 4, 5, 2 ],
[ 2, 5, 3, 1, 4, 6 ],
[ 1, 6, 4, 5, 2, 3 ]
]
]
;




******************************************
Genus 1
******************************************


[ 2, 3, 7, 3, 27, 1 ]
;


[ PowerSequence(PermutationGroup<28 |  
\[ 1, 2, 15, 5, 19, 22, 20, 13, 25, 8, 24, 26, 4, 10, 12, 28, 11, 23, 16, 14, 
17, 3, 21, 6, 7, 27, 18, 9 ],
\[ 26, 1, 8, 27, 23, 12, 14, 15, 10, 16, 28, 13, 6, 19, 3, 9, 4, 5, 7, 24, 20, 
11, 18, 21, 25, 2, 17, 22 ]:
 Order := 9828 >) |
[ PermutationGroup<28 |  
\[ 1, 2, 15, 5, 19, 22, 20, 13, 25, 8, 24, 26, 4, 10, 12, 28, 11, 23, 16, 14, 
17, 3, 21, 6, 7, 27, 18, 9 ],
\[ 26, 1, 8, 27, 23, 12, 14, 15, 10, 16, 28, 13, 6, 19, 3, 9, 4, 5, 7, 24, 20, 
11, 18, 21, 25, 2, 17, 22 ]:
 Order := 9828 > |
[ 4, 15, 10, 1, 27, 19, 12, 28, 14, 3, 18, 7, 21, 9, 2, 22, 20, 11, 6, 17, 13, 
16, 25, 26, 23, 24, 5, 8 ],
[ 8, 13, 4, 12, 16, 14, 2, 25, 22, 17, 5, 3, 7, 15, 6, 11, 21, 27, 28, 18, 10, 
24, 23, 9, 1, 19, 20, 26 ],
[ 3, 14, 21, 25, 18, 26, 4, 19, 6, 12, 20, 13, 17, 24, 7, 9, 27, 16, 15, 10, 2, 
5, 8, 28, 23, 22, 11, 1 ]
]
]
;




[ 2, 3, 7, 41, 41, 1 ]
;


[ PowerSequence(PermutationGroup<42 |  
\[ 1, 2, 34, 16, 38, 24, 40, 29, 22, 7, 42, 31, 5, 33, 13, 37, 27, 28, 3, 14, 
39, 10, 36, 17, 11, 6, 9, 21, 41, 4, 25, 30, 8, 20, 23, 18, 12, 35, 19, 32, 15, 
26 ],
\[ 41, 1, 36, 24, 22, 30, 10, 7, 18, 8, 17, 13, 31, 35, 6, 37, 19, 26, 11, 38, 
3, 27, 16, 29, 33, 9, 5, 14, 4, 15, 12, 34, 42, 40, 28, 21, 23, 39, 20, 32, 2, 
25 ]:
 Order := 34440 >) |
[ PermutationGroup<42 |  
\[ 1, 2, 34, 16, 38, 24, 40, 29, 22, 7, 42, 31, 5, 33, 13, 37, 27, 28, 3, 14, 
39, 10, 36, 17, 11, 6, 9, 21, 41, 4, 25, 30, 8, 20, 23, 18, 12, 35, 19, 32, 15, 
26 ],
\[ 41, 1, 36, 24, 22, 30, 10, 7, 18, 8, 17, 13, 31, 35, 6, 37, 19, 26, 11, 38, 
3, 27, 16, 29, 33, 9, 5, 14, 4, 15, 12, 34, 42, 40, 28, 21, 23, 39, 20, 32, 2, 
25 ]:
 Order := 34440 > |
[ 27, 25, 42, 18, 19, 14, 7, 32, 17, 39, 31, 34, 26, 6, 33, 16, 9, 4, 5, 23, 40,
38, 20, 35, 2, 13, 1, 29, 28, 41, 11, 8, 15, 12, 24, 37, 36, 22, 10, 21, 30, 3 
],
[ 12, 8, 27, 19, 32, 24, 1, 39, 13, 11, 26, 7, 16, 17, 3, 9, 21, 29, 20, 4, 14, 
28, 18, 36, 41, 10, 15, 33, 23, 37, 5, 31, 22, 30, 42, 6, 34, 35, 2, 25, 40, 38 
],
[ 3, 40, 35, 23, 4, 21, 12, 5, 14, 8, 32, 37, 11, 36, 28, 13, 16, 20, 31, 29, 
41, 42, 19, 38, 39, 9, 7, 18, 22, 25, 10, 2, 27, 1, 6, 30, 24, 33, 26, 17, 34, 
15 ]
],
[ PermutationGroup<42 |  
\[ 1, 2, 34, 16, 38, 24, 40, 29, 22, 7, 42, 31, 5, 33, 13, 37, 27, 28, 3, 14, 
39, 10, 36, 17, 11, 6, 9, 21, 41, 4, 25, 30, 8, 20, 23, 18, 12, 35, 19, 32, 15, 
26 ],
\[ 41, 1, 36, 24, 22, 30, 10, 7, 18, 8, 17, 13, 31, 35, 6, 37, 19, 26, 11, 38, 
3, 27, 16, 29, 33, 9, 5, 14, 4, 15, 12, 34, 42, 40, 28, 21, 23, 39, 20, 32, 2, 
25 ]:
 Order := 34440 > |
[ 27, 25, 42, 18, 19, 14, 7, 32, 17, 39, 31, 34, 26, 6, 33, 16, 9, 4, 5, 23, 40,
38, 20, 35, 2, 13, 1, 29, 28, 41, 11, 8, 15, 12, 24, 37, 36, 22, 10, 21, 30, 3 
],
[ 39, 36, 41, 5, 24, 40, 27, 2, 33, 16, 15, 25, 1, 21, 35, 19, 30, 37, 10, 17, 
28, 12, 26, 4, 22, 32, 31, 14, 3, 20, 7, 23, 42, 6, 11, 8, 38, 18, 13, 34, 29, 9
],
[ 7, 12, 33, 38, 16, 28, 31, 26, 20, 1, 27, 40, 23, 34, 9, 10, 42, 24, 4, 32, 6,
37, 30, 15, 8, 39, 13, 41, 21, 3, 35, 36, 11, 22, 5, 18, 2, 25, 19, 14, 17, 29 ]
],
[ PermutationGroup<42 |  
\[ 1, 2, 34, 16, 38, 24, 40, 29, 22, 7, 42, 31, 5, 33, 13, 37, 27, 28, 3, 14, 
